SORTED
     Size  MergeSort  InsertionSort
0     100   0.000740       0.000026
1     500   0.003821       0.000129
2    1000   0.008202       0.000274
3    2500   0.023794       0.000746
4    5000   0.044601       0.001386
5    7500   0.072392       0.002087
6   10000   0.093166       0.002807
7   15000   0.148078       0.004195
8   25000   0.256176       0.007026
9   35000   0.367490       0.009598
10  50000   0.545495       0.014061
RANDOM
     Size  MergeSort  InsertionSort
0     100   0.000611       0.000599
1     500   0.003775       0.017263
2    1000   0.008154       0.071317
3    2500   0.024193       0.469117
4    5000   0.048292       1.883230
5    7500   0.075528       4.231583
6   10000   0.103756       7.612932
7   15000   0.159715      17.301294
8   25000   0.280329      47.669203
9   35000   0.402113      95.023256
10  50000   0.607249     196.117721
REVERSE
     Size  MergeSort  InsertionSort
0     100   0.000607       0.001170
1     500   0.003701       0.030397
2    1000   0.007405       0.128685
3    2500   0.020474       0.834368
4    5000   0.043938       3.395669
5    7500   0.071191       7.644414
6   10000   0.094518      13.694185
7   15000   0.145134      31.022624
8   25000   0.251325      88.351708
9   35000   0.362121     173.323008
10  50000   0.540662     355.288179